686831676839674722
2145140832440518186
172088987758369
18362805578609606
2344075770804013781
2557134721047430438
415
1218886940078012540
2832080468214223298
1941314376781171853
2745826648
257982698316738693
486437311248721212
1521010876968462604
368840601187965302
148631142632923187
663340075953762242
96907973793618441
988020922053796805
2491326339
902522457742260368
2393854907861298531
2036365604123169880
888699119390403812
11191839467338840
239
1444095091802049041
481851707998828616
1865816980545166258
906054956079426202
1997254745435308177
1588076444358091206
2665094102329424535
2400608657822947988
154280567602364229
1129735418048260190
261959477254651338
1432887
1511949404225340608
131831531591725061
574833979400385196
1406717519319733572
2375931308259644820
1745164846478581809
535053084048388897
20115
2610389073798139843
2452514130608757735
1018609606479283003
2